8649
16426
10505
11891
8314
22927
22119
12137
16594
7578
10417
2605
11418
26026
3094
2267
7090
32367
23212
23486
12555
226
30369
29972
30007
28196
10824
1251
21704
9332
19885
7585
20593
27098
29850
23506
22983
7960
6001
3956
14635
22318
17332
5607
30479
32327
9643
3331
28249
12659
8174
22444
295
15150
30354
10653
6487
21107
1117
8907
24349
4737
32066
31991
21960
24751
1294
23615
22078
8193
21569
12279
6296
13799
26340
15966
19219
19627
31031
17332
29342
5545
18583
20861
1296
3917
15563
20779
28362
4103
17012
2678
23777
18620
23768
32548
12796
20085
8040
26049
3941
17539
32701
2167
23684
7937
8080
20722
28750
8500
30194
6189
29256
29043
26050
17615
32721
3871
27280
11112
30378
20266
663
9255
4912
28466
31144
4395
7756
10351
20387
412
18931
5623
9843
28238
21389
21819
7402
30224
6036
13974
14394
29701
3185
607
21294
10122
30540
14758
